21034
21035
21043
21045
21053
21054
21304
21305
21340
21345
21350
21354
21403
21405
21430
21435
21450
21453
21503
21504
21530
21534
21540
21543
23014
23015
23041
23045
23051
23054
23104
23105
23140
23145
23150
23154
23401
23405
23410
23415
23450
23451
23501
23504
23510
23514
23540
23541
24013
24015
24031
24035
24051
24053
24103
24105
24130
24135
24150
24153
24301
24305
24310
24315
24350
24351
24501
24503
24510
24513
24530
24531
25013
25014
25031
25034
25041
25043
25103
25104
25130
25134
25140
25143
25301
25304
25310
25314
25340
25341
25401
25403
25410
25413
25430
25431
30124
30125
30142
30145
30152
30154
30214
30215
30241
30245
30251
30254
30412
30415
30421
30425
30451
30452
30512
30514
30521
30524
30541
30542
31024
31025
31042
31045
31052
31054
31204
31205
31240
31245
31250
31254
31402
31405
31420
31425
31450
31452
31502
31504
31520
31524
31540
31542
32014
32015
32041
32045
32051
32054
32104
32105
32140
32145
32150
32154
32401
32405
32410
32415
32450
32451
32501
32504
32510
32514
32540
32541
34012
34015
34021
34025
34051
34052
34102
34105
34120
34125
34150
34152
