425013
425031
425103
425130
425301
425310
430125
430152
430215
430251
430512
430521
431025
431052
431205
431250
431502
431520
432015
432051
432105
432150
432501
432510
435012
435021
435102
435120
435201
435210
450123
450132
450213
450231
450312
450321
451023
451032
451203
451230
451302
451320
452013
452031
452103
452130
452301
452310
453012
453021
453102
453120
453201
453210
501234
501243
501324
501342
501423
501432
502134
502143
502314
502341
502413
502431
503124
503142
503214
503241
503412
503421
504123
504132
504213
504231
504312
504321
510234
510243
510324
510342
510423
510432
512034
512043
512304
512340
512403
512430
513024
513042
513204
513240
513402
513420
514023
514032
514203
514230
514302
514320
520134
520143
520314
520341
520413
520431
521034
521043
521304
521340
521403
521430
523014
523041
523104
523140
523401
523410
524013
524031
524103
524130
524301
524310
530124
530142
530214
530241
530412
530421
531024
531042
531204
531240
531402
531420
532014
532041
532104
532140
532401
532410
534012
534021
534102
534120
534201
534210
540123
540132
540213
540231
540312
540321
541023
541032
541203
541230
541302
541320
542013
542031
542103
542130
542301
542310
543012
543021
543102
543120
543201
543210
