51023
51024
51032
51034
51042
51043
51203
51204
51230
51234
51240
51243
51302
51304
51320
51324
51340
51342
51402
51403
51420
51423
51430
51432
52013
52014
52031
52034
52041
52043
52103
52104
52130
52134
52140
52143
52301
52304
52310
52314
52340
52341
52401
52403
52410
52413
52430
52431
53012
53014
53021
53024
53041
53042
53102
53104
53120
53124
53140
53142
53201
53204
53210
53214
53240
53241
53401
53402
53410
53412
53420
53421
54012
54013
54021
54023
54031
54032
54102
54103
54120
54123
54130
54132
54201
54203
54210
54213
54230
54231
54301
54302
54310
54312
54320
54321
102345
102354
102435
102453
102534
102543
103245
103254
103425
103452
103524
103542
104235
104253
104325
104352
104523
104532
105234
105243
105324
105342
105423
105432
120345
120354
120435
120453
120534
120543
123045
123054
123405
123450
123504
123540
124035
124053
124305
124350
124503
124530
125034
125043
125304
125340
125403
125430
130245
130254
130425
130452
130524
130542
132045
132054
132405
132450
132504
132540
134025
134052
134205
134250
134502
134520
135024
135042
135204
135240
135402
135420
140235
140253
140325
140352
140523
140532
142035
