2043
2045
2051
2053
2054
2103
2104
2105
2130
2134
2135
2140
2143
2145
2150
2153
2154
2301
2304
2305
2310
2314
2315
2340
2341
2345
2350
2351
2354
2401
2403
2405
2410
2413
2415
2430
2431
2435
2450
2451
2453
2501
2503
2504
2510
2513
2514
2530
2531
2534
2540
2541
2543
3012
3014
3015
3021
3024
3025
3041
3042
3045
3051
3052
3054
3102
3104
3105
3120
3124
3125
3140
3142
3145
3150
3152
3154
3201
3204
3205
3210
3214
3215
3240
3241
3245
3250
3251
3254
3401
3402
3405
3410
3412
3415
3420
3421
3425
3450
3451
3452
3501
3502
3504
3510
3512
3514
3520
3521
3524
3540
3541
3542
4012
4013
4015
4021
4023
4025
4031
4032
4035
4051
4052
4053
4102
4103
4105
4120
4123
4125
4130
4132
4135
4150
4152
4153
4201
4203
4205
4210
4213
4215
4230
4231
4235
4250
4251
4253
4301
4302
4305
4310
4312
4315
4320
4321
4325
4350
4351
4352
4501
4502
4503
4510
4512
4513
4520
4521
4523
4530
4531
4532
5012
5013
5014
5021
5023
5024
5031
5032
5034
5041
5042
5043
5102
5103
5104
5120
5123
5124
5130
5132
5134
5140
5142
5143
