34201
34205
34210
34215
34250
34251
34501
34502
34510
34512
34520
34521
35012
35014
35021
35024
35041
35042
35102
35104
35120
35124
35140
35142
35201
35204
35210
35214
35240
35241
35401
35402
35410
35412
35420
35421
40123
40125
40132
40135
40152
40153
40213
40215
40231
40235
40251
40253
40312
40315
40321
40325
40351
40352
40512
40513
40521
40523
40531
40532
41023
41025
41032
41035
41052
41053
41203
41205
41230
41235
41250
41253
41302
41305
41320
41325
41350
41352
41502
41503
41520
41523
41530
41532
42013
42015
42031
42035
42051
42053
42103
42105
42130
42135
42150
42153
42301
42305
42310
42315
42350
42351
42501
42503
42510
42513
42530
42531
43012
43015
43021
43025
43051
43052
43102
43105
43120
43125
43150
43152
43201
43205
43210
43215
43250
43251
43501
43502
43510
43512
43520
43521
45012
45013
45021
45023
45031
45032
45102
45103
45120
45123
45130
45132
45201
45203
45210
45213
45230
45231
45301
45302
45310
45312
45320
45321
50123
50124
50132
50134
50142
50143
50213
50214
50231
50234
50241
50243
50312
50314
50321
50324
50341
50342
50412
50413
50421
50423
50431
50432
