5201
5203
5204
5210
5213
5214
5230
5231
5234
5240
5241
5243
5301
5302
5304
5310
5312
5314
5320
5321
5324
5340
5341
5342
5401
5402
5403
5410
5412
5413
5420
5421
5423
5430
5431
5432
10234
10235
10243
10245
10253
10254
10324
10325
10342
10345
10352
10354
10423
10425
10432
10435
10452
10453
10523
10524
10532
10534
10542
10543
12034
12035
12043
12045
12053
12054
12304
12305
12340
12345
12350
12354
12403
12405
12430
12435
12450
12453
12503
12504
12530
12534
12540
12543
13024
13025
13042
13045
13052
13054
13204
13205
13240
13245
13250
13254
13402
13405
13420
13425
13450
13452
13502
13504
13520
13524
13540
13542
14023
14025
14032
14035
14052
14053
14203
14205
14230
14235
14250
14253
14302
14305
14320
14325
14350
14352
14502
14503
14520
14523
14530
14532
15023
15024
15032
15034
15042
15043
15203
15204
15230
15234
15240
15243
15302
15304
15320
15324
15340
15342
15402
15403
15420
15423
15430
15432
20134
20135
20143
20145
20153
20154
20314
20315
20341
20345
20351
20354
20413
20415
20431
20435
20451
20453
20513
20514
20531
20534
20541
20543
