0
1
2
3
4
5
10
12
13
14
15
20
21
23
24
25
30
31
32
34
35
40
41
42
43
45
50
51
52
53
54
102
103
104
105
120
123
124
125
130
132
134
135
140
142
143
145
150
152
153
154
201
203
204
205
210
213
214
215
230
231
234
235
240
241
243
245
250
251
253
254
301
302
304
305
310
312
314
315
320
321
324
325
340
341
342
345
350
351
352
354
401
402
403
405
410
412
413
415
420
421
423
425
430
431
432
435
450
451
452
453
501
502
503
504
510
512
513
514
520
521
523
524
530
531
532
534
540
541
542
543
1023
1024
1025
1032
1034
1035
1042
1043
1045
1052
1053
1054
1203
1204
1205
1230
1234
1235
1240
1243
1245
1250
1253
1254
1302
1304
1305
1320
1324
1325
1340
1342
1345
1350
1352
1354
1402
1403
1405
1420
1423
1425
1430
1432
1435
1450
1452
1453
1502
1503
1504
1520
1523
1524
1530
1532
1534
1540
1542
1543
2013
2014
2015
2031
2034
2035
2041
