304125
304152
304215
304251
304512
304521
305124
305142
305214
305241
305412
305421
310245
310254
310425
310452
310524
310542
312045
312054
312405
312450
312504
312540
314025
314052
314205
314250
314502
314520
315024
315042
315204
315240
315402
315420
320145
320154
320415
320451
320514
320541
321045
321054
321405
321450
321504
321540
324015
324051
324105
324150
324501
324510
325014
325041
325104
325140
325401
325410
340125
340152
340215
340251
340512
340521
341025
341052
341205
341250
341502
341520
342015
342051
342105
342150
342501
342510
345012
345021
345102
345120
345201
345210
350124
350142
350214
350241
350412
350421
351024
351042
351204
351240
351402
351420
352014
352041
352104
352140
352401
352410
354012
354021
354102
354120
354201
354210
401235
401253
401325
401352
401523
401532
402135
402153
402315
402351
402513
402531
403125
403152
403215
403251
403512
403521
405123
405132
405213
405231
405312
405321
410235
410253
410325
410352
410523
410532
412035
412053
412305
412350
412503
412530
413025
413052
413205
413250
413502
413520
415023
415032
415203
415230
415302
415320
420135
420153
420315
420351
420513
420531
421035
421053
421305
421350
421503
421530
423015
423051
423105
423150
423501
423510
