142053
142305
142350
142503
142530
143025
143052
143205
143250
143502
143520
145023
145032
145203
145230
145302
145320
150234
150243
150324
150342
150423
150432
152034
152043
152304
152340
152403
152430
153024
153042
153204
153240
153402
153420
154023
154032
154203
154230
154302
154320
201345
201354
201435
201453
201534
201543
203145
203154
203415
203451
203514
203541
204135
204153
204315
204351
204513
204531
205134
205143
205314
205341
205413
205431
210345
210354
210435
210453
210534
210543
213045
213054
213405
213450
213504
213540
214035
214053
214305
214350
214503
214530
215034
215043
215304
215340
215403
215430
230145
230154
230415
230451
230514
230541
231045
231054
231405
231450
231504
231540
234015
234051
234105
234150
234501
234510
235014
235041
235104
235140
235401
235410
240135
240153
240315
240351
240513
240531
241035
241053
241305
241350
241503
241530
243015
243051
243105
243150
243501
243510
245013
245031
245103
245130
245301
245310
250134
250143
250314
250341
250413
250431
251034
251043
251304
251340
251403
251430
253014
253041
253104
253140
253401
253410
254013
254031
254103
254130
254301
254310
301245
301254
301425
301452
301524
301542
302145
302154
302415
302451
302514
302541
